   2.0133943e+03   4.2600000e-01   1.0000000e+02
   2.0134192e+03   4.6500000e-01   1.0000000e+02
   2.0134623e+03   4.4700000e-01   1.0000000e+02
   2.0135062e+03   4.3900000e-01   1.0000000e+02
   2.0135252e+03   3.9700000e-01   1.0000000e+02
   2.0135503e+03   4.2000000e-01   1.0000000e+02
   2.0135693e+03   3.8900000e-01   1.0000000e+02
   2.0135943e+03   4.2900000e-01   1.0000000e+02
   2.0136133e+03   3.6700000e-01   1.0000000e+02
   2.0136572e+03   3.5800000e-01   1.0000000e+02
   2.0136813e+03   3.7800000e-01   1.0000000e+02
   2.0137013e+03   3.5000000e-01   1.0000000e+02
   2.0137252e+03   3.7700000e-01   1.0000000e+02
   2.0137693e+03   3.5000000e-01   1.0000000e+02
   2.0137883e+03   3.4000000e-01   1.0000000e+02
   2.0138132e+03   3.4600000e-01   1.0000000e+02
   2.0138322e+03   3.3200000e-01   1.0000000e+02
   2.0138573e+03   3.3700000e-01   1.0000000e+02
   2.0138763e+03   3.2400000e-01   1.0000000e+02
   2.0139443e+03   3.3300000e-01   1.0000000e+02
   2.0139633e+03   3.1600000e-01   1.0000000e+02
   2.0139883e+03   3.2500000e-01   1.0000000e+02
   2.0140073e+03   3.1600000e-01   1.0000000e+02
   2.0140322e+03   3.2900000e-01   1.0000000e+02
   2.0140512e+03   3.1600000e-01   1.0000000e+02
   2.0141392e+03   3.0800000e-01   1.0000000e+02
   2.0142703e+03   4.0900000e-01   1.0000000e+02
   2.0142952e+03   4.4900000e-01   1.0000000e+02
   2.0143582e+03   4.1700000e-01   1.0000000e+02
   2.0143823e+03   4.4900000e-01   1.0000000e+02
   2.0144023e+03   4.1300000e-01   1.0000000e+02
   2.0144262e+03   4.4000000e-01   1.0000000e+02
   2.0144452e+03   3.9700000e-01   1.0000000e+02
   2.0144703e+03   4.3000000e-01   1.0000000e+02
   2.0144893e+03   3.9200000e-01   1.0000000e+02
   2.0145142e+03   4.1400000e-01   1.0000000e+02
   2.0145583e+03   3.9800000e-01   1.0000000e+02
   2.0145773e+03   3.5500000e-01   1.0000000e+02
   2.0146012e+03   3.7900000e-01   1.0000000e+02
   2.0146212e+03   3.5000000e-01   1.0000000e+02
   2.0146643e+03   3.3200000e-01   1.0000000e+02
   2.0146892e+03   3.4400000e-01   1.0000000e+02
   2.0147082e+03   3.2400000e-01   1.0000000e+02
   2.0147332e+03   2.7500000e-01   1.0000000e+00
   2.0147523e+03   3.1100000e-01   1.0000000e+02
   2.0147773e+03   3.2600000e-01   1.0000000e+02
   2.0147963e+03   3.1200000e-01   1.0000000e+02
   2.0148202e+03   3.2500000e-01   1.0000000e+02
   2.0148402e+03   3.1700000e-01   1.0000000e+02
   2.0149713e+03   3.0300000e-01   1.0000000e+02
   2.0149962e+03   3.1200000e-01   1.0000000e+02
   2.0150152e+03   3.0400000e-01   1.0000000e+02
   2.0150593e+03   3.0800000e-01   1.0000000e+02
   2.0151463e+03   3.4000000e-01   1.0000000e+02
   2.0151713e+03   3.7500000e-01   1.0000000e+02
   2.0151903e+03   3.6800000e-01   1.0000000e+02
   2.0152152e+03   4.4900000e-01   1.0000000e+02
   2.0152342e+03   4.3900000e-01   1.0000000e+02
   2.0152783e+03   4.4400000e-01   1.0000000e+02
   2.0153022e+03   4.6800000e-01   1.0000000e+02
   2.0153212e+03   4.4700000e-01   1.0000000e+02
   2.0153463e+03   4.7000000e-01   1.0000000e+02
   2.0153653e+03   4.4500000e-01   1.0000000e+02
   2.0153902e+03   4.6500000e-01   1.0000000e+02
   2.0154343e+03   4.0400000e-01   1.0000000e+02
   2.0154533e+03   4.0900000e-01   1.0000000e+02
   2.0154782e+03   4.3200000e-01   1.0000000e+02
   2.0155403e+03   3.8400000e-01   1.0000000e+02
   2.0155653e+03   4.1200000e-01   1.0000000e+02
   2.0155843e+03   3.7800000e-01   1.0000000e+02
   2.0156092e+03   4.0000000e-01   1.0000000e+02
   2.0156282e+03   3.8100000e-01   1.0000000e+00
   2.0156723e+03   3.4700000e-01   1.0000000e+02
   2.0157162e+03   3.3600000e-01   1.0000000e+02
   2.0157403e+03   3.6000000e-01   1.0000000e+02
   2.0157603e+03   3.3800000e-01   1.0000000e+02
   2.0157842e+03   3.4500000e-01   1.0000000e+02
   2.0158032e+03   3.2300000e-01   1.0000000e+02
   2.0158283e+03   3.3600000e-01   1.0000000e+02
   2.0158473e+03   3.1700000e-01   1.0000000e+02
   2.0158722e+03   3.2900000e-01   1.0000000e+02
   2.0158912e+03   3.0800000e-01   1.0000000e+02
   2.0159793e+03   3.0100000e-01   1.0000000e+02
   2.0160222e+03   3.0800000e-01   1.0000000e+02
   2.0160663e+03   2.8900000e-01   1.0000000e+02
   2.0160912e+03   3.8800000e-01   1.0000000e+02
   2.0162223e+03   3.9200000e-01   1.0000000e+02
   2.0162413e+03   3.7900000e-01   1.0000000e+02
   2.0162852e+03   4.2700000e-01   1.0000000e+02
   2.0163102e+03   4.8100000e-01   1.0000000e+02
   2.0163293e+03   4.4800000e-01   1.0000000e+02
   2.0163543e+03   4.8800000e-01   1.0000000e+02
   2.0163733e+03   4.4700000e-01   1.0000000e+02
   2.0163972e+03   4.7800000e-01   1.0000000e+02
   2.0164172e+03   4.4900000e-01   1.0000000e+02
   2.0164413e+03   4.7900000e-01   1.0000000e+02
   2.0164603e+03   4.0100000e-01   1.0000000e+02
   2.0164852e+03   4.6200000e-01   1.0000000e+02
   2.0165042e+03   4.2300000e-01   1.0000000e+02
   2.0165293e+03   4.4600000e-01   1.0000000e+02
   2.0165483e+03   4.0900000e-01   1.0000000e+02
   2.0165732e+03   4.3400000e-01   1.0000000e+02
   2.0165922e+03   4.0400000e-01   2.0000000e+01
   2.0166163e+03   4.0800000e-01   1.0000000e+02
   2.0166363e+03   3.7200000e-01   1.0000000e+02
   2.0166602e+03   3.8600000e-01   1.0000000e+02
   2.0166792e+03   3.5400000e-01   1.0000000e+02
   2.0167043e+03   3.6900000e-01   1.0000000e+02
   2.0167233e+03   3.5400000e-01   1.0000000e+02
   2.0167483e+03   3.5900000e-01   1.0000000e+02
   2.0167673e+03   2.8900000e-01   1.0000000e+02
   2.0168353e+03   3.4900000e-01   1.0000000e+02
   2.0168553e+03   3.2700000e-01   1.0000000e+02
   2.0168792e+03   3.3700000e-01   1.0000000e+02
   2.0169233e+03   3.6500000e-01   1.0000000e+02
   2.0169862e+03   2.2800000e-01   5.0000000e+01
   2.0170113e+03   3.3200000e-01   1.0000000e+02
   2.0170742e+03   3.4200000e-01   1.0000000e+02
   2.0171613e+03   3.4700000e-01   1.0000000e+02
   2.0172052e+03   3.6000000e-01   1.0000000e+02
   2.0172493e+03   4.1000000e-01   1.0000000e+02
   2.0172932e+03   3.6800000e-01   2.0000000e+00
   2.0173173e+03   5.1000000e-01   1.0000000e+02
   2.0173373e+03   4.9200000e-01   1.0000000e+02
   2.0173612e+03   5.1500000e-01   1.0000000e+02
   2.0173802e+03   4.7000000e-01   1.0000000e+02
   2.0174243e+03   4.5000000e-01   1.0000000e+02
   2.0174492e+03   4.8000000e-01   1.0000000e+02
   2.0174682e+03   4.3800000e-01   1.0000000e+02
   2.0174932e+03   4.5000000e-01   1.0000000e+02
   2.0175122e+03   4.1700000e-01   1.0000000e+02
   2.0175363e+03   4.4600000e-01   1.0000000e+02
   2.0175563e+03   4.0900000e-01   1.0000000e+02
   2.0175802e+03   4.2400000e-01   1.0000000e+02
   2.0175992e+03   3.8800000e-01   1.0000000e+02
   2.0176243e+03   4.0200000e-01   1.0000000e+02
   2.0176433e+03   3.6800000e-01   1.0000000e+02
   2.0176682e+03   3.7900000e-01   1.0000000e+02
   2.0176872e+03   3.5000000e-01   1.0000000e+02
   2.0177313e+03   3.4100000e-01   1.0000000e+02
   2.0177552e+03   3.5800000e-01   1.0000000e+02
   2.0177752e+03   2.9100000e-01   1.0000000e+02
   2.0178183e+03   2.9800000e-01   1.0000000e+02
   2.0178432e+03   3.1300000e-01   1.0000000e+02
   2.0178872e+03   2.6900000e-01   1.0000000e+02
   2.0179063e+03   2.7900000e-01   1.0000000e+02
   2.0179313e+03   2.8800000e-01   1.0000000e+02
   2.0179503e+03   2.7600000e-01   1.0000000e+02
   2.0180812e+03   2.8500000e-01   1.0000000e+02
   2.0181063e+03   3.0000000e-01   1.0000000e+02
   2.0181253e+03   3.0200000e-01   1.0000000e+02
   2.0181502e+03   3.2900000e-01   1.0000000e+02
   2.0182372e+03   3.3900000e-01   2.0000000e+00
   2.0182813e+03   4.1900000e-01   1.0000000e+02
   2.0183003e+03   4.0100000e-01   1.0000000e+02
   2.0183253e+03   4.4600000e-01   1.0000000e+02
   2.0183443e+03   4.0900000e-01   1.0000000e+02
   2.0184123e+03   4.0700000e-01   1.0000000e+02
   2.0184323e+03   3.7200000e-01   1.0000000e+02
   2.0184562e+03   3.9600000e-01   1.0000000e+02
   2.0184752e+03   3.5000000e-01   1.0000000e+02
   2.0185003e+03   3.6600000e-01   1.0000000e+02
   2.0185193e+03   3.4100000e-01   1.0000000e+02
   2.0185442e+03   3.6600000e-01   1.0000000e+02
   2.0185632e+03   3.3500000e-01   1.0000000e+02
   2.0185883e+03   3.5600000e-01   1.0000000e+02
   2.0186073e+03   3.1700000e-01   1.0000000e+02
   2.0186323e+03   3.3600000e-01   1.0000000e+02
   2.0186753e+03   3.2500000e-01   2.0000000e+01
   2.0186943e+03   2.6600000e-01   1.0000000e+02
   2.0187193e+03   3.0900000e-01   1.0000000e+02
   2.0187632e+03   3.0300000e-01   1.0000000e+02
   2.0187822e+03   2.9000000e-01   1.0000000e+02
   2.0188263e+03   2.8200000e-01   1.0000000e+02
   2.0188512e+03   2.7700000e-01   1.0000000e+02
   2.0188702e+03   2.6200000e-01   1.0000000e+02
   2.0188943e+03   1.4900000e-01   2.0000000e+00
   2.0189143e+03   2.5900000e-01   1.0000000e+02
   2.0189382e+03   2.9100000e-01   1.0000000e+02
   2.0189823e+03   2.7300000e-01   1.0000000e+02
   2.0190013e+03   2.6600000e-01   1.0000000e+02
   2.0190702e+03   2.9600000e-01   1.0000000e+02
   2.0191333e+03   2.9300000e-01   1.0000000e+02
   2.0191572e+03   3.2800000e-01   1.0000000e+02
   2.0192013e+03   3.4400000e-01   1.0000000e+02
   2.0192203e+03   3.4700000e-01   5.0000000e+00
   2.0192893e+03   4.1300000e-01   1.0000000e+02
   2.0193083e+03   4.3500000e-01   1.0000000e+02
   2.0193322e+03   4.5300000e-01   1.0000000e+02
   2.0193522e+03   4.3000000e-01   1.0000000e+02
   2.0194202e+03   4.5300000e-01   1.0000000e+02
   2.0194392e+03   4.1300000e-01   1.0000000e+02
   2.0194642e+03   4.3100000e-01   1.0000000e+02
   2.0194832e+03   3.4900000e-01   2.0000000e+01
   2.0195083e+03   4.1900000e-01   1.0000000e+02
   2.0195273e+03   3.8000000e-01   1.0000000e+02
   2.0195512e+03   4.0200000e-01   1.0000000e+02
   2.0195712e+03   3.6500000e-01   1.0000000e+02
   2.0195953e+03   3.8400000e-01   1.0000000e+02
   2.0196143e+03   3.4700000e-01   1.0000000e+02
   2.0196392e+03   3.6600000e-01   1.0000000e+02
   2.0196582e+03   3.3700000e-01   1.0000000e+02
   2.0196833e+03   3.5200000e-01   1.0000000e+02
   2.0197023e+03   3.3300000e-01   1.0000000e+02
   2.0197272e+03   3.4400000e-01   1.0000000e+02
   2.0197462e+03   3.1800000e-01   1.0000000e+02
   2.0197703e+03   3.2900000e-01   1.0000000e+02
   2.0197903e+03   3.1300000e-01   1.0000000e+02
   2.0198332e+03   3.0000000e-01   1.0000000e+02
   2.0198582e+03   3.0800000e-01   1.0000000e+02
   2.0198773e+03   2.9100000e-01   1.0000000e+02
